19	2040
20	2656
2656	80
2656	3156
2656	4723
2656	5247
41	1581
1581	41
1581	4939
43	5030
53	584
56	2260
73	1619
73	5436
80	2656
104	1638
104	4555
104	4784
4555	104
4555	1638
4555	4784
1638	104
1638	4784
108	2656
115	2581
118	826
144	197
144	4109
152	5261
158	2178
162	3241
3241	162
165	3941
3941	165
166	45
166	1642
175	1057
1057	175
190	2265
2265	190
195	2963
205	3548
221	3649
223	2260
249	2260
256	234
256	977
256	2302
263	2281
2281	263
265	2653
2653	265
276	2260
287	3559
294	2112
307	2379
307	3164
321	3164
339	3833
349	501
353	4740
357	595
595	357
381	2260
383	2112
389	2260
392	2260
428	3076
438	1522
441	3164
460	5030
462	1248
1248	5323
479	1500
1500	1041
484	602
499	925
499	3537
499	5077
5077	925
5077	3537
3537	925
3537	5077
925	3537
925	5077
517	4417
549	1875
549	3312
551	1251
551	3163
1251	551
1251	3163
561	2260
574	2783
2783	2081
578	1590
578	3164
1590	3164
601	4322
4322	601
609	1967
609	4917
4917	609
4917	1967
1967	4917
611	2808
620	4802
625	3164
636	3967
637	2662
638	917
638	4272
652	2040
669	1738
686	2190
702	2260
703	5402
5402	703
704	2522
2522	704
706	2260
709	2342
2342	709
747	3052
764	886
886	842
886	4138
784	3104
3104	784
790	2915
2915	790
835	5097
5097	835
847	4047
4047	847
849	1878
863	2836
2836	863
872	2
874	2554
2554	874
875	3426
3426	875
891	1887
1887	891
901	2410
2410	901
913	197
913	4109
934	3427
935	90
944	2825
2825	944
948	2320
954	1110
964	529
964	1083
964	1184
991	2808
996	4474
1021	5188
5188	1021
1039	1462
1041	3929
1046	3517
3517	1046
1059	3164
1060	5030
1065	5495
5495	1065
1066	5494
5494	1066
1072	5487
5487	1072
1073	3925
3925	1073
1075	5484
5484	1075
1076	5483
5483	1076
1095	5451
5451	1095
1096	5449
5449	1096
1097	5447
5447	1097
1102	5442
5442	1102
1105	5440
5440	1105
1106	5438
5438	1106
1120	5461
5461	1120
1121	5457
5457	1121
1123	5458
5458	1123
1124	4804
4804	1124
1129	5400
5400	1129
1130	4213
1130	5326
1134	5395
5395	1134
1135	5392
5392	1135
1136	5390
5390	1136
1139	5434
5434	1139
1140	5432
5432	1140
1141	75
1146	5429
5429	1146
1148	1690
1690	1148
1149	5425
5425	1149
1158	3408
1158	5412
5412	1158
5412	3408
1161	5405
5405	1161
1163	5370
5370	1163
1164	2242
1166	5367
5367	1166
1180	3408
1180	5384
5384	1180
5384	3408
1183	5379
5379	1183
1185	5382
5382	1185
1186	5381
5381	1186
1187	5378
5378	1187
1195	5341
5341	1195
1196	5338
5338	1196
1201	5336
5336	1201
1205	3528
1206	5331
5331	1206
1211	5355
5355	1211
1212	5350
5350	1212
1215	2116
1215	4453
2116	1215
4453	1215
1216	5349
5349	1216
1217	3956
1224	5303
5303	1224
1225	5307
5307	1225
1228	5300
5300	1228
1230	5182
1233	5296
5296	1233
1234	5295
5295	1234
1237	5297
5297	1237
1238	5290
5290	1238
1247	5327
5327	1247
5323	1248
1252	5317
5317	1252
1256	2255
1261	5272
5272	1261
1262	5267
5267	1262
1267	5265
5265	1267
1268	5260
5260	1268
1269	5258
5258	1269
1272	5287
5287	1272
1273	5283
5283	1273
1275	5276
5276	1275
1276	4870
1277	2260
1281	2
1286	5234
5234	1286
1288	5235
5235	1288
1290	5233
5233	1290
1299	5254
5254	1299
1300	5253
5253	1300
1305	5250
5250	1305
1308	5248
5248	1308
1309	5245
5245	1309
1313	5209
5209	1313
1316	5211
5211	1316
1318	2505
2505	1318
1320	374
1325	5194
5194	1325
1329	5192
5192	1329
1330	5191
5191	1330
1332	91
1334	5185
5185	1334
1337	5226
1340	5224
5224	1340
1342	5222
5222	1342
1348	5220
5220	1348
1349	5218
5218	1349
1351	5216
5216	1351
1359	5172
5172	1359
1361	2671
2671	1361
1364	5163
5163	1364
1365	4734
4734	1365
4734	5004
1369	5158
5158	1369
1376	5179
5179	1376
1377	4691
4691	1377
1379	5177
5177	1379
1383	5142
5142	1383
1386	5144
5144	1386
1388	5138
5138	1388
1391	5136
5136	1391
1393	5135
5135	1393
1395	2591
2591	1395
2591	2202
1404	367
1405	4304
1407	5154
5154	1407
1408	374
1413	5150
5150	1413
1418	5148
5148	1418
1424	5100
5100	1424
1425	5096
5096	1425
1426	3460
3460	1426
1428	891
1428	1887
1430	5127
5127	1430
1432	5128
5128	1432
1433	3163
1434	5124
5124	1434
1436	1219
1438	602
1445	5116
5116	1445
1447	5079
5079	1447
1449	5074
5074	1449
1454	5426
1457	886
1461	5095
5095	1461
1464	1197
1465	3408
1465	5094
5094	1465
5094	3408
1470	5087
5087	1470
1471	5086
5086	1471
1474	5085
5085	1474
1476	5039
5039	1476
1480	5036
1481	5035
5035	1481
1483	5032
5032	1483
1485	5029
5029	1485
1486	4709
4709	1486
1492	5026
5026	1492
1494	5023
5023	1494
1495	5059
5059	1495
1501	5055
5055	1501
1502	5051
5051	1502
1503	318
1504	5049
5049	1504
1505	5048
5048	1505
1506	1756
1518	4992
4992	1518
1519	2040
1520	4989
4989	1520
1526	4983
4983	1526
1531	3164
1532	5013
5013	1532
1534	5010
5010	1534
1536	5005
5005	1536
1543	1400
1544	4968
4968	1544
1549	4964
4964	1549
1557	454
1557	2924
1558	4977
4977	1558
1564	4973
4973	1564
1565	1103
1567	4213
1567	5326
1570	4948
4948	1570
1571	4947
4947	1571
1575	4942
4942	1575
4939	1581
1582	4934
4934	1582
1587	4960
4960	1587
1588	4958
4958	1588
1592	4955
4955	1592
1593	2170
1596	4910
4910	1596
1603	4906
4906	1603
1604	3587
3587	1604
3587	2850
1606	5228
5228	1606
1608	4907
4907	1608
1610	4902
4902	1610
1615	5030
1617	4890
4890	1617
1624	4927
4927	1624
1625	4926
4926	1625
1626	4928
4928	1626
1627	1999
1999	1088
1630	4924
4924	1630
1635	4915
4915	1635
1637	3585
1640	3408
1640	4874
4874	1640
4874	3408
1645	4868
4868	1645
1649	4865
4865	1649
1651	4864
4864	1651
1658	2057
2057	1658
2057	1851
2057	3356
2057	4071
1662	4889
4889	1662
1666	4883
4883	1666
1669	4882
4882	1669
1671	4881
4881	1671
1673	4880
4880	1673
1677	4836
4836	1677
1682	4833
4833	1682
1683	5261
1688	4826
4826	1688
1691	4851
4851	1691
1692	4189
1695	4843
4843	1695
1706	4837
4837	1706
1716	4793
4793	1716
1717	4795
4795	1717
1718	3457
3457	1718
1721	4792
4792	1721
1724	2349
1728	4823
4823	1728
1744	2260
1747	4806
4806	1747
1750	4767
4767	1750
1752	4766
4766	1752
1753	4764
4764	1753
1759	4759
4759	1759
1763	4758
4758	1763
1768	4781
4781	1768
1777	4775
4775	1777
1778	4774
4774	1778
1779	4772
4772	1779
1789	4739
4739	1789
1791	4736
4736	1791
1794	4575
4575	1794
1797	160
1798	4728
4728	1798
1799	4731
4731	1799
1801	4729
4729	1801
1806	4754
4754	1806
1818	4706
4706	1818
1820	2260
1822	4704
4704	1822
1826	3977
3977	1826
1828	4697
4697	1828
1830	3557
3557	1830
1832	4692
4692	1832
1838	4722
4722	1838
1842	4721
4721	1842
1846	4718
4718	1846
1847	4714
4714	1847
1855	3164
1856	4679
4679	1856
1859	1514
1860	5201
5201	1860
1861	4673
4673	1861
1863	4669
4669	1863
1864	4917
1874	4660
4660	1874
1881	374
1883	4690
4690	1883
1885	4688
4688	1885
1888	4685
4685	1888
1891	4681
4681	1891
1901	2260
1901	3316
1901	3735
1901	5053
5053	2260
3316	2260
3735	2260
1904	4637
4637	1904
1905	4636
4636	1905
1907	4629
4629	1907
1910	4627
4627	1910
1912	4622
4622	1912
1913	4624
4624	1913
1915	4619
4619	1915
1922	4651
4651	1922
1923	4653
4653	1923
1926	4648
4648	1926
1937	4600
4600	1937
1938	4595
4595	1938
1939	4592
4592	1939
1943	1246
1953	4612
4612	1953
1955	5210
1958	4610
4610	1958
1959	4609
4609	1959
1961	4606
4606	1961
1964	4570
4570	1964
1973	3343
1977	4561
4561	1977
1979	4564
4564	1979
1982	4563
4563	1982
1987	1690
1988	4583
4583	1988
1992	4579
4579	1992
1996	4576
4576	1996
1997	4574
4574	1997
1998	1365
1998	4734
2000	3589
2001	4684
2003	4530
4530	2003
2008	2529
2012	4526
4526	2012
2013	4522
4522	2013
2015	3408
2015	4524
4524	2015
4524	3408
2020	4550
4550	2020
2021	4548
4548	2021
2023	4544
4544	2023
2024	4540
4540	2024
2027	4538
4538	2027
2030	4533
4533	2030
2034	4507
4507	2034
2035	468
2039	4497
4497	2039
2047	3648
2048	4519
4519	2048
2054	4516
4516	2054
2055	2260
3356	1851
4071	1658
4071	1851
4071	2057
4071	3356
2059	4474
2061	552
2064	4472
4472	2064
2065	4471
2066	2260
2076	4484
4484	2076
2080	4487
4487	2080
2084	4481
4481	2084
2089	4480
4480	2089
2092	4435
4435	2092
2093	3163
2098	4431
4431	2098
2100	4428
4428	2100
2102	4393
2104	1362
2105	4421
4421	2105
2107	4419
4419	2107
2121	4446
4446	2121
2123	4445
4445	2123
2127	3786
2128	4437
4437	2128
2137	4385
4385	2137
2139	4375
4375	2139
2140	3408
2140	4409
4409	2140
4409	3408
2141	4413
4413	2141
2144	4410
4410	2144
2148	4404
4404	2148
2149	2363
2363	2149
2157	4398
4398	2157
2159	4395
4395	2159
2160	4396
4396	2160
2162	4392
4392	2162
2165	4388
4388	2165
2182	4344
4344	2182
2186	3163
2194	4361
4361	2194
2195	4359
4359	2195
2196	2247
2197	4358
4358	2197
2198	4357
4357	2198
2199	4356
4356	2199
2201	4354
4354	2201
2202	1395
2202	2591
2204	4663
4663	2204
2205	2844
2844	2205
2211	2242
2233	2260
2250	2808
2254	2260
2272	2260
2280	5465
2298	2255
2308	3164
2314	2204
2314	4663
2333	3104
2339	2260
2339	5149
5149	2260
2346	3249
3249	2346
2365	3163
2365	4067
4067	2365
4067	3163
2375	3651
2394	4417
2401	197
2401	1117
2422	197
2438	197
2438	4109
2449	1466
2457	2908
2471	1821
2489	1320
2497	1708
2506	729
2535	2304
2563	2991
2991	2563
2580	3408
2594	4151
4151	2594
2638	4109
2642	2260
2643	2260
2646	3164
4723	2656
3156	2656
5247	2656
2678	4098
2721	3772
3772	2721
2727	3820
2738	91
2739	831
2739	1920
2819	3120
3120	2819
2833	3641
2835	925
2835	3537
2835	5077
2842	1032
2843	3164
2850	3587
2858	3160
2865	2260
2866	1590
2866	3164
2870	5200
5200	2870
2889	3555
2913	925
2913	3537
2913	5077
2926	3743
2951	2040
2953	4127
4127	2953
2971	3741
3741	2971
2974	4247
4247	2974
2985	5227
2992	3164
3017	2899
3025	5343
3040	1655
3045	5243
5243	3045
3068	1999
3099	2925
3107	2260
3121	2260
3127	3164
3148	3164
3149	1590
3149	3164
3159	4703
4703	3159
3171	3345
3178	2260
3182	197
3182	501
3207	2963
3208	1362
3223	958
3231	882
3236	2925
3236	3099
3236	4317
3240	886
3264	3408
3268	296
3315	4786
3335	2260
3336	3164
3344	3430
3347	1738
3374	5030
3390	2260
3395	2260
3413	3164
3437	3329
3438	2808
3445	2255
3448	3164
3451	4306
4306	3451
3483	3331
3483	4364
3484	2385
3489	483
3525	4680
4680	3525
3541	3793
3793	3541
3547	3164
3558	2963
3561	3164
3564	165
3564	3941
3593	3164
3612	1720
3613	3164
3629	2196
3639	3408
3654	1980
3680	3160
3681	2260
3694	1522
3699	4482
4482	3699
3719	428
3719	1796
3722	4296
4296	3722
3746	1103
3752	2756
3752	2765
3765	3408
3774	483
3776	5030
3788	2908
3789	3164
3794	3276
3817	2260
3826	140
3842	197
3842	3902
3844	3574
3850	140
3863	1499
3863	5054
3867	374
3875	2260
3942	2659
3946	3329
3953	3172
3964	2260
3986	2260
4014	1897
4026	1320
4036	402
4036	3220
4053	4199
4199	3176
4199	4053
4061	2255
4089	1708
4108	2963
4142	3163
4146	1724
4149	2040
4150	5030
4171	3408
4174	138
4203	3164
4253	4393
4267	3164
4274	3627
4283	3674
4290	3881
4297	3164
4346	1554
4346	1999
4368	2260
4415	2260
4436	2260
4459	5030
4465	2260
4483	2274
4485	574
4488	1342
4488	4025
4488	5222
4501	584
4508	3160
4509	3627
4534	2260
4554	2369
4559	1820
4559	2260
4569	102
4569	4601
4582	5198
4591	197
4591	4109
4597	3083
4608	925
4608	3537
4608	5077
4652	2659
4655	5034
4658	2662
4689	4438
4724	3164
4726	3885
4737	5028
4741	4830
4741	5168
4747	2260
4778	2260
4790	4109
4809	3164
4814	1737
4844	2922
4850	1689
4854	1657
4855	449
4855	4175
4869	1647
4891	5058
5058	4891
4901	2908
4984	2260
4987	1522
5001	4294
5002	3164
5003	2721
5076	4892
5098	1320
5107	374
5140	2659
5146	3674
5152	2260
5156	3574
5184	3605
5193	3242
5199	2581
5199	4065
5223	4978
5223	5337
5231	1315
5251	1590
5251	3164
5266	5030
5273	2260
5286	374
5346	1994
5358	2056
5365	2656
5374	571
5450	925
5450	3537
5450	5077
5455	1305
5455	2740
5455	3992
5455	5250
5456	2260
5468	4109
