19	0.000189
2040	0.000998
20	0.000189
2656	0.005265
80	0.001040
3156	0.001040
4723	0.001040
5247	0.001040
41	0.000915
1581	0.001918
4939	0.000915
43	0.000189
5030	0.001645
53	0.000189
584	0.000513
56	0.000189
2260	0.008234
73	0.000189
1619	0.000270
5436	0.000270
104	0.000462
1638	0.000415
4555	0.000322
4784	0.000594
108	0.000189
115	0.000189
2581	0.000432
118	0.000189
826	0.000351
144	0.000189
197	0.000917
4109	0.000836
152	0.000189
5261	0.000513
158	0.000189
2178	0.000351
162	0.001249
3241	0.001249
165	0.001779
3941	0.001779
166	0.000189
45	0.000270
1642	0.000270
175	0.001249
1057	0.001249
190	0.001249
2265	0.001249
195	0.000189
2963	0.000836
205	0.000189
3548	0.000351
221	0.000189
3649	0.000351
223	0.000189
249	0.000189
256	0.000189
234	0.000243
977	0.000243
2302	0.000243
263	0.001249
2281	0.001249
265	0.001249
2653	0.001249
276	0.000189
287	0.000189
3559	0.000351
294	0.000189
2112	0.000513
307	0.000189
2379	0.000270
3164	0.005237
321	0.000189
339	0.000189
3833	0.000351
349	0.000189
501	0.000432
353	0.000189
4740	0.000351
357	0.001249
595	0.001249
381	0.000189
383	0.000189
389	0.000189
392	0.000189
428	0.000270
3076	0.000420
438	0.000189
1522	0.000674
441	0.000189
460	0.000189
462	0.000189
1248	0.001918
5323	0.001640
479	0.000189
1500	0.000351
1041	0.000490
484	0.000189
602	0.000513
499	0.000189
925	0.003016
3537	0.003016
5077	0.003016
517	0.000189
4417	0.000513
549	0.000189
1875	0.000270
3312	0.000270
551	0.000332
1251	0.000332
3163	0.001407
561	0.000189
574	0.000351
2783	0.000490
2081	0.000610
578	0.000189
1590	0.000513
601	0.001249
4322	0.001249
609	0.001095
1967	0.001564
4917	0.002148
611	0.000189
2808	0.000836
620	0.000189
4802	0.000351
625	0.000189
636	0.000189
3967	0.000351
637	0.000189
2662	0.000513
638	0.000189
917	0.000270
4272	0.000270
652	0.000189
669	0.000189
1738	0.000513
686	0.000189
2190	0.000351
702	0.000189
703	0.001249
5402	0.001249
704	0.001249
2522	0.001249
706	0.000189
709	0.001249
2342	0.001249
747	0.000189
3052	0.000351
764	0.000189
886	0.000675
842	0.000478
4138	0.000478
784	0.001640
3104	0.001918
790	0.001249
2915	0.001249
835	0.001249
5097	0.001249
847	0.001249
4047	0.001249
849	0.000189
1878	0.000351
863	0.001249
2836	0.001249
872	0.000189
2	0.000513
874	0.001249
2554	0.001249
875	0.001249
3426	0.001249
891	0.001779
1887	0.001779
901	0.001249
2410	0.001249
913	0.000189
934	0.000189
3427	0.000351
935	0.000189
90	0.000351
944	0.001249
2825	0.001249
948	0.000189
2320	0.000351
954	0.000189
1110	0.000351
964	0.000189
529	0.000243
1083	0.000243
1184	0.000243
991	0.000189
996	0.000189
4474	0.000513
1021	0.001249
5188	0.001249
1039	0.000189
1462	0.000351
3929	0.000610
1046	0.001249
3517	0.001249
1059	0.000189
1060	0.000189
1065	0.001249
5495	0.001249
1066	0.001249
5494	0.001249
1072	0.001249
5487	0.001249
1073	0.001249
3925	0.001249
1075	0.001249
5484	0.001249
1076	0.001249
5483	0.001249
1095	0.001249
5451	0.001249
1096	0.001249
5449	0.001249
1097	0.001249
5447	0.001249
1102	0.001249
5442	0.001249
1105	0.001249
5440	0.001249
1106	0.001249
5438	0.001249
1120	0.001249
5461	0.001249
1121	0.001249
5457	0.001249
1123	0.001249
5458	0.001249
1124	0.001249
4804	0.001249
1129	0.001249
5400	0.001249
1130	0.000189
4213	0.000351
5326	0.000351
1134	0.001249
5395	0.001249
1135	0.001249
5392	0.001249
1136	0.001249
5390	0.001249
1139	0.001249
5434	0.001249
1140	0.001249
5432	0.001249
1141	0.000189
75	0.000351
1146	0.001249
5429	0.001249
1148	0.001640
1690	0.001918
1149	0.001249
5425	0.001249
1158	0.000332
3408	0.002712
5412	0.000332
1161	0.001249
5405	0.001249
1163	0.001249
5370	0.001249
1164	0.000189
2242	0.000513
1166	0.001249
5367	0.001249
1180	0.000332
5384	0.000332
1183	0.001249
5379	0.001249
1185	0.001249
5382	0.001249
1186	0.001249
5381	0.001249
1187	0.001249
5378	0.001249
1195	0.001249
5341	0.001249
1196	0.001249
5338	0.001249
1201	0.001249
5336	0.001249
1205	0.000189
3528	0.000351
1206	0.001249
5331	0.001249
1211	0.001249
5355	0.001249
1212	0.001249
5350	0.001249
1215	0.001918
2116	0.000915
4453	0.000915
1216	0.001249
5349	0.001249
1217	0.000189
3956	0.000351
1224	0.001249
5303	0.001249
1225	0.001249
5307	0.001249
1228	0.001249
5300	0.001249
1230	0.000189
5182	0.000351
1233	0.001249
5296	0.001249
1234	0.001249
5295	0.001249
1237	0.001249
5297	0.001249
1238	0.001249
5290	0.001249
1247	0.001249
5327	0.001249
1252	0.001249
5317	0.001249
1256	0.000189
2255	0.000836
1261	0.001249
5272	0.001249
1262	0.001249
5267	0.001249
1267	0.001249
5265	0.001249
1268	0.001249
5260	0.001249
1269	0.001249
5258	0.001249
1272	0.001249
5287	0.001249
1273	0.001249
5283	0.001249
1275	0.001249
5276	0.001249
1276	0.000189
4870	0.000351
1277	0.000189
1281	0.000189
1286	0.001249
5234	0.001249
1288	0.001249
5235	0.001249
1290	0.001249
5233	0.001249
1299	0.001249
5254	0.001249
1300	0.001249
5253	0.001249
1305	0.001514
5250	0.001514
1308	0.001249
5248	0.001249
1309	0.001249
5245	0.001249
1313	0.001249
5209	0.001249
1316	0.001249
5211	0.001249
1318	0.001249
2505	0.001249
1320	0.000675
374	0.001575
1325	0.001249
5194	0.001249
1329	0.001249
5192	0.001249
1330	0.001249
5191	0.001249
1332	0.000189
91	0.000513
1334	0.001249
5185	0.001249
1337	0.000189
5226	0.000351
1340	0.001249
5224	0.001249
1342	0.001602
5222	0.001602
1348	0.001249
5220	0.001249
1349	0.001249
5218	0.001249
1351	0.001249
5216	0.001249
1359	0.001249
5172	0.001249
1361	0.001249
2671	0.001249
1364	0.001249
5163	0.001249
1365	0.000625
4734	0.000815
5004	0.000544
1369	0.001249
5158	0.001249
1376	0.001249
5179	0.001249
1377	0.001249
4691	0.001249
1379	0.001249
5177	0.001249
1383	0.001249
5142	0.001249
1386	0.001249
5144	0.001249
1388	0.001249
5138	0.001249
1391	0.001249
5136	0.001249
1393	0.001249
5135	0.001249
1395	0.001249
2591	0.001622
2202	0.000877
1404	0.000189
367	0.000351
1405	0.000189
4304	0.000351
1407	0.001249
5154	0.001249
1408	0.000189
1413	0.001249
5150	0.001249
1418	0.001249
5148	0.001249
1424	0.001249
5100	0.001249
1425	0.001249
5096	0.001249
1426	0.001249
3460	0.001249
1428	0.000189
1430	0.001249
5127	0.001249
1432	0.001249
5128	0.001249
1433	0.000189
1434	0.001249
5124	0.001249
1436	0.000189
1219	0.000351
1438	0.000189
1445	0.001249
5116	0.001249
1447	0.001249
5079	0.001249
1449	0.001249
5074	0.001249
1454	0.000189
5426	0.000351
1457	0.000189
1461	0.001249
5095	0.001249
1464	0.000189
1197	0.000351
1465	0.000332
5094	0.000332
1470	0.001249
5087	0.001249
1471	0.001249
5086	0.001249
1474	0.001249
5085	0.001249
1476	0.001249
5039	0.001249
1480	0.000189
5036	0.000351
1481	0.001249
5035	0.001249
1483	0.001249
5032	0.001249
1485	0.001249
5029	0.001249
1486	0.001249
4709	0.001249
1492	0.001249
5026	0.001249
1494	0.001249
5023	0.001249
1495	0.001249
5059	0.001249
1501	0.001249
5055	0.001249
1502	0.001249
5051	0.001249
1503	0.000189
318	0.000351
1504	0.001249
5049	0.001249
1505	0.001249
5048	0.001249
1506	0.000189
1756	0.000351
1518	0.001249
4992	0.001249
1519	0.000189
1520	0.001249
4989	0.001249
1526	0.001249
4983	0.001249
1531	0.000189
1532	0.001249
5013	0.001249
1534	0.001249
5010	0.001249
1536	0.001249
5005	0.001249
1543	0.000189
1400	0.000351
1544	0.001249
4968	0.001249
1549	0.001249
4964	0.001249
1557	0.000189
454	0.000270
2924	0.000270
1558	0.001249
4977	0.001249
1564	0.001249
4973	0.001249
1565	0.000189
1103	0.000513
1567	0.000189
1570	0.001249
4948	0.001249
1571	0.001249
4947	0.001249
1575	0.001249
4942	0.001249
1582	0.001249
4934	0.001249
1587	0.001249
4960	0.001249
1588	0.001249
4958	0.001249
1592	0.001249
4955	0.001249
1593	0.000189
2170	0.000351
1596	0.001249
4910	0.001249
1603	0.001249
4906	0.001249
1604	0.000915
3587	0.001918
2850	0.000915
1606	0.001249
5228	0.001249
1608	0.001249
4907	0.001249
1610	0.001249
4902	0.001249
1615	0.000189
1617	0.001249
4890	0.001249
1624	0.001249
4927	0.001249
1625	0.001249
4926	0.001249
1626	0.001249
4928	0.001249
1627	0.000189
1999	0.000594
1088	0.000697
1630	0.001249
4924	0.001249
1635	0.001249
4915	0.001249
1637	0.000189
3585	0.000351
1640	0.000332
4874	0.000332
1645	0.001249
4868	0.001249
1649	0.001249
4865	0.001249
1651	0.001249
4864	0.001249
1658	0.000386
2057	0.000592
1851	0.000720
3356	0.000386
4071	0.000318
1662	0.001249
4889	0.001249
1666	0.001249
4883	0.001249
1669	0.001249
4882	0.001249
1671	0.001249
4881	0.001249
1673	0.001249
4880	0.001249
1677	0.001249
4836	0.001249
1682	0.001249
4833	0.001249
1683	0.000189
1688	0.001249
4826	0.001249
1691	0.001249
4851	0.001249
1692	0.000189
4189	0.000351
1695	0.001249
4843	0.001249
1706	0.001249
4837	0.001249
1716	0.001249
4793	0.001249
1717	0.001249
4795	0.001249
1718	0.001249
3457	0.001249
1721	0.001249
4792	0.001249
1724	0.000351
2349	0.000489
1728	0.001249
4823	0.001249
1744	0.000189
1747	0.001249
4806	0.001249
1750	0.001249
4767	0.001249
1752	0.001249
4766	0.001249
1753	0.001249
4764	0.001249
1759	0.001249
4759	0.001249
1763	0.001249
4758	0.001249
1768	0.001249
4781	0.001249
1777	0.001249
4775	0.001249
1778	0.001249
4774	0.001249
1779	0.001249
4772	0.001249
1789	0.001249
4739	0.001249
1791	0.001249
4736	0.001249
1794	0.001249
4575	0.001249
1797	0.000189
160	0.000351
1798	0.001249
4728	0.001249
1799	0.001249
4731	0.001249
1801	0.001249
4729	0.001249
1806	0.001249
4754	0.001249
1818	0.001249
4706	0.001249
1820	0.000270
1822	0.001249
4704	0.001249
1826	0.001249
3977	0.001249
1828	0.001249
4697	0.001249
1830	0.001249
3557	0.001249
1832	0.001249
4692	0.001249
1838	0.001249
4722	0.001249
1842	0.001249
4721	0.001249
1846	0.001249
4718	0.001249
1847	0.001249
4714	0.001249
1855	0.000189
1856	0.001249
4679	0.001249
1859	0.000189
1514	0.000351
1860	0.001249
5201	0.001249
1861	0.001249
4673	0.001249
1863	0.001249
4669	0.001249
1864	0.000189
1874	0.001249
4660	0.001249
1881	0.000189
1883	0.001249
4690	0.001249
1885	0.001249
4688	0.001249
1888	0.001249
4685	0.001249
1891	0.001249
4681	0.001249
1901	0.000189
3316	0.000230
3735	0.000230
5053	0.000230
1904	0.001249
4637	0.001249
1905	0.001249
4636	0.001249
1907	0.001249
4629	0.001249
1910	0.001249
4627	0.001249
1912	0.001249
4622	0.001249
1913	0.001249
4624	0.001249
1915	0.001249
4619	0.001249
1922	0.001249
4651	0.001249
1923	0.001249
4653	0.001249
1926	0.001249
4648	0.001249
1937	0.001249
4600	0.001249
1938	0.001249
4595	0.001249
1939	0.001249
4592	0.001249
1943	0.000189
1246	0.000351
1953	0.001249
4612	0.001249
1955	0.000189
5210	0.000351
1958	0.001249
4610	0.001249
1959	0.001249
4609	0.001249
1961	0.001249
4606	0.001249
1964	0.001249
4570	0.001249
1973	0.000189
3343	0.000351
1977	0.001249
4561	0.001249
1979	0.001249
4564	0.001249
1982	0.001249
4563	0.001249
1987	0.000189
1988	0.001249
4583	0.001249
1992	0.001249
4579	0.001249
1996	0.001249
4576	0.001249
1997	0.001249
4574	0.001249
1998	0.000189
2000	0.000189
3589	0.000351
2001	0.000189
4684	0.000351
2003	0.001249
4530	0.001249
2008	0.000189
2529	0.000351
2012	0.001249
4526	0.001249
2013	0.001249
4522	0.001249
2015	0.000332
4524	0.000332
2020	0.001249
4550	0.001249
2021	0.001249
4548	0.001249
2023	0.001249
4544	0.001249
2024	0.001249
4540	0.001249
2027	0.001249
4538	0.001249
2030	0.001249
4533	0.001249
2034	0.001249
4507	0.001249
2035	0.000189
468	0.000351
2039	0.001249
4497	0.001249
2047	0.000189
3648	0.000351
2048	0.001249
4519	0.001249
2054	0.001249
4516	0.001249
2055	0.000189
2059	0.000189
2061	0.000189
552	0.000351
2064	0.001249
4472	0.001249
2065	0.000189
4471	0.000351
2066	0.000189
2076	0.001249
4484	0.001249
2080	0.001249
4487	0.001249
2084	0.001249
4481	0.001249
2089	0.001249
4480	0.001249
2092	0.001249
4435	0.001249
2093	0.000189
2098	0.001249
4431	0.001249
2100	0.001249
4428	0.001249
2102	0.000189
4393	0.000513
2104	0.000189
1362	0.000513
2105	0.001249
4421	0.001249
2107	0.001249
4419	0.001249
2121	0.001249
4446	0.001249
2123	0.001249
4445	0.001249
2127	0.000189
3786	0.000351
2128	0.001249
4437	0.001249
2137	0.001249
4385	0.001249
2139	0.001249
4375	0.001249
2140	0.000332
4409	0.000332
2141	0.001249
4413	0.001249
2144	0.001249
4410	0.001249
2148	0.001249
4404	0.001249
2149	0.001249
2363	0.001249
2157	0.001249
4398	0.001249
2159	0.001249
4395	0.001249
2160	0.001249
4396	0.001249
2162	0.001249
4392	0.001249
2165	0.001249
4388	0.001249
2182	0.001249
4344	0.001249
2186	0.000189
2194	0.001249
4361	0.001249
2195	0.001249
4359	0.001249
2196	0.000351
2247	0.000489
2197	0.001249
4358	0.001249
2198	0.001249
4357	0.001249
2199	0.001249
4356	0.001249
2201	0.001249
4354	0.001249
2204	0.001779
4663	0.001779
2205	0.001249
2844	0.001249
2211	0.000189
2233	0.000189
2250	0.000189
2254	0.000189
2272	0.000189
2280	0.000189
5465	0.000351
2298	0.000189
2308	0.000189
2314	0.000189
2333	0.000189
2339	0.000189
5149	0.000270
2346	0.001249
3249	0.001249
2365	0.000332
4067	0.000332
2375	0.000189
3651	0.000351
2394	0.000189
2401	0.000189
1117	0.000270
2422	0.000189
2438	0.000189
2449	0.000189
1466	0.000351
2457	0.000189
2908	0.000674
2471	0.000189
1821	0.000351
2489	0.000189
2497	0.000189
1708	0.000513
2506	0.000189
729	0.000351
2535	0.000189
2304	0.000351
2563	0.001249
2991	0.001249
2580	0.000189
2594	0.001249
4151	0.001249
2638	0.000189
2642	0.000189
2643	0.000189
2646	0.000189
2678	0.000189
4098	0.000351
2721	0.001918
3772	0.001640
2727	0.000189
3820	0.000351
2738	0.000189
2739	0.000189
831	0.000270
1920	0.000270
2819	0.001249
3120	0.001249
2833	0.000189
3641	0.000351
2835	0.000189
2842	0.000189
1032	0.000351
2843	0.000189
2858	0.000189
3160	0.000674
2865	0.000189
2866	0.000189
2870	0.001249
5200	0.001249
2889	0.000189
3555	0.000351
2913	0.000189
2926	0.000189
3743	0.000351
2951	0.000189
2953	0.001249
4127	0.001249
2971	0.001249
3741	0.001249
2974	0.001249
4247	0.001249
2985	0.000189
5227	0.000351
2992	0.000189
3017	0.000189
2899	0.000351
3025	0.000189
5343	0.000351
3040	0.000189
1655	0.000351
3045	0.001249
5243	0.001249
3068	0.000189
3099	0.000243
2925	0.000451
3107	0.000189
3121	0.000189
3127	0.000189
3148	0.000189
3149	0.000189
3159	0.001249
4703	0.001249
3171	0.000189
3345	0.000351
3178	0.000189
3182	0.000189
3207	0.000189
3208	0.000189
3223	0.000189
958	0.000351
3231	0.000189
882	0.000351
3236	0.000189
4317	0.000243
3240	0.000189
3264	0.000189
3268	0.000189
296	0.000351
3315	0.000189
4786	0.000351
3335	0.000189
3336	0.000189
3344	0.000189
3430	0.000351
3347	0.000189
3374	0.000189
3390	0.000189
3395	0.000189
3413	0.000189
3437	0.000189
3329	0.000513
3438	0.000189
3445	0.000189
3448	0.000189
3451	0.001249
4306	0.001249
3483	0.000189
3331	0.000270
4364	0.000270
3484	0.000189
2385	0.000351
3489	0.000189
483	0.000513
3525	0.001249
4680	0.001249
3541	0.001249
3793	0.001249
3547	0.000189
3558	0.000189
3561	0.000189
3564	0.000189
3593	0.000189
3612	0.000189
1720	0.000351
3613	0.000189
3629	0.000189
3639	0.000189
3654	0.000189
1980	0.000351
3680	0.000189
3681	0.000189
3694	0.000189
3699	0.001249
4482	0.001249
3719	0.000189
1796	0.000270
3722	0.001249
4296	0.001249
3746	0.000189
3752	0.000189
2756	0.000270
2765	0.000270
3765	0.000189
3774	0.000189
3776	0.000189
3788	0.000189
3789	0.000189
3794	0.000189
3276	0.000351
3817	0.000189
3826	0.000189
140	0.000513
3842	0.000189
3902	0.000270
3844	0.000189
3574	0.000513
3850	0.000189
3863	0.000189
1499	0.000270
5054	0.000270
3867	0.000189
3875	0.000189
3942	0.000189
2659	0.000674
3946	0.000189
3953	0.000189
3172	0.000351
3964	0.000189
3986	0.000189
4014	0.000189
1897	0.000351
4026	0.000189
4036	0.000189
402	0.000270
3220	0.000270
4053	0.000435
4199	0.000570
3176	0.000434
4061	0.000189
4089	0.000189
4108	0.000189
4142	0.000189
4146	0.000189
4149	0.000189
4150	0.000189
4171	0.000189
4174	0.000189
138	0.000351
4203	0.000189
4253	0.000189
4267	0.000189
4274	0.000189
3627	0.000513
4283	0.000189
3674	0.000513
4290	0.000189
3881	0.000351
4297	0.000189
4346	0.000189
1554	0.000270
4368	0.000189
4415	0.000189
4436	0.000189
4459	0.000189
4465	0.000189
4483	0.000189
2274	0.000351
4485	0.000189
4488	0.000189
4025	0.000243
4501	0.000189
4508	0.000189
4509	0.000189
4534	0.000189
4554	0.000189
2369	0.000351
4559	0.000189
4569	0.000189
102	0.000270
4601	0.000270
4582	0.000189
5198	0.000351
4591	0.000189
4597	0.000189
3083	0.000351
4608	0.000189
4652	0.000189
4655	0.000189
5034	0.000351
4658	0.000189
4689	0.000189
4438	0.000351
4724	0.000189
4726	0.000189
3885	0.000351
4737	0.000189
5028	0.000351
4741	0.000189
4830	0.000270
5168	0.000270
4747	0.000189
4778	0.000189
4790	0.000189
4809	0.000189
4814	0.000189
1737	0.000351
4844	0.000189
2922	0.000351
4850	0.000189
1689	0.000351
4854	0.000189
1657	0.000351
4855	0.000189
449	0.000270
4175	0.000270
4869	0.000189
1647	0.000351
4891	0.001249
5058	0.001249
4901	0.000189
4984	0.000189
4987	0.000189
5001	0.000189
4294	0.000351
5002	0.000189
5003	0.000189
5076	0.000189
4892	0.000351
5098	0.000189
5107	0.000189
5140	0.000189
5146	0.000189
5152	0.000189
5156	0.000189
5184	0.000189
3605	0.000351
5193	0.000189
3242	0.000351
5199	0.000189
4065	0.000270
5223	0.000189
4978	0.000270
5337	0.000270
5231	0.000189
1315	0.000351
5251	0.000189
5266	0.000189
5273	0.000189
5286	0.000189
5346	0.000189
1994	0.000351
5358	0.000189
2056	0.000351
5365	0.000189
5374	0.000189
571	0.000351
5450	0.000189
5455	0.000189
2740	0.000230
3992	0.000230
5456	0.000189
5468	0.000000
