19	0.000188	0.000188	0.000022
2040	0.000986	0.000986	0.000036
20	0.000188	0.000188	0.000022
2656	0.004821	0.004575	0.053832
80	0.001160	0.001222	0.050378
3156	0.001160	0.001222	0.050378
4723	0.001160	0.001222	0.050378
5247	0.001160	0.001222	0.050378
41	0.000956	0.000976	0.021008
1581	0.001848	0.001807	0.022722
4939	0.000956	0.000976	0.021008
43	0.000188	0.000188	0.000022
5030	0.001625	0.001625	0.000037
53	0.000188	0.000188	0.000022
584	0.000507	0.000507	0.000033
56	0.000188	0.000188	0.000022
2260	0.008130	0.008131	0.000040
73	0.000188	0.000188	0.000022
1619	0.000268	0.000268	0.000027
5436	0.000268	0.000268	0.000027
104	0.000449	0.000449	0.000099
1638	0.000405	0.000405	0.000095
4555	0.000315	0.000315	0.000082
4784	0.000576	0.000576	0.000115
108	0.000188	0.000188	0.000022
115	0.000188	0.000188	0.000022
2581	0.000427	0.000427	0.000032
118	0.000188	0.000188	0.000022
826	0.000348	0.000348	0.000030
144	0.000188	0.000188	0.000022
197	0.000906	0.000906	0.000036
4109	0.000986	0.000986	0.000036
152	0.000188	0.000188	0.000022
5261	0.000507	0.000507	0.000033
158	0.000188	0.000188	0.000022
2178	0.000348	0.000348	0.000030
162	0.001253	0.001253	0.000008
3241	0.001253	0.001253	0.000008
165	0.001786	0.001786	0.000009
3941	0.001786	0.001786	0.000009
166	0.000188	0.000188	0.000022
45	0.000268	0.000268	0.000027
1642	0.000268	0.000268	0.000027
175	0.001253	0.001253	0.000008
1057	0.001253	0.001253	0.000008
190	0.001253	0.001253	0.000008
2265	0.001253	0.001253	0.000008
195	0.000188	0.000188	0.000022
2963	0.000827	0.000827	0.000035
205	0.000188	0.000188	0.000022
3548	0.000348	0.000348	0.000030
221	0.000188	0.000188	0.000022
3649	0.000348	0.000348	0.000030
223	0.000188	0.000188	0.000022
249	0.000188	0.000188	0.000022
256	0.000188	0.000188	0.000022
234	0.000241	0.000241	0.000026
977	0.000241	0.000241	0.000026
2302	0.000241	0.000241	0.000026
263	0.001253	0.001253	0.000008
2281	0.001253	0.001253	0.000008
265	0.001253	0.001253	0.000008
2653	0.001253	0.001253	0.000008
276	0.000188	0.000188	0.000022
287	0.000188	0.000188	0.000022
3559	0.000348	0.000348	0.000030
294	0.000188	0.000188	0.000022
2112	0.000507	0.000507	0.000033
307	0.000188	0.000188	0.000022
2379	0.000268	0.000268	0.000027
3164	0.005170	0.005170	0.000040
321	0.000188	0.000188	0.000022
339	0.000188	0.000188	0.000022
3833	0.000348	0.000348	0.000030
349	0.000188	0.000188	0.000022
501	0.000348	0.000348	0.000030
353	0.000188	0.000188	0.000022
4740	0.000348	0.000348	0.000030
357	0.001253	0.001253	0.000008
595	0.001253	0.001253	0.000008
381	0.000188	0.000188	0.000022
383	0.000188	0.000188	0.000022
389	0.000188	0.000188	0.000022
392	0.000188	0.000188	0.000022
428	0.000268	0.000268	0.000027
3076	0.000415	0.000415	0.000036
438	0.000188	0.000188	0.000022
1522	0.000667	0.000667	0.000035
441	0.000188	0.000188	0.000022
460	0.000188	0.000188	0.000022
462	0.000188	0.000188	0.000022
1248	0.001848	0.001807	0.022722
5323	0.001724	0.001765	0.023244
479	0.000188	0.000188	0.000022
1500	0.000348	0.000348	0.000030
1041	0.000484	0.000484	0.000040
484	0.000188	0.000188	0.000022
602	0.000507	0.000507	0.000033
499	0.000188	0.000188	0.000022
925	0.003029	0.003029	0.000011
3537	0.003029	0.003029	0.000011
5077	0.003029	0.003029	0.000011
517	0.000188	0.000188	0.000022
4417	0.000507	0.000507	0.000033
549	0.000188	0.000188	0.000022
1875	0.000268	0.000268	0.000027
3312	0.000268	0.000268	0.000027
551	0.000327	0.000327	0.000049
1251	0.000327	0.000327	0.000049
3163	0.001382	0.001382	0.000055
561	0.000188	0.000188	0.000022
574	0.000348	0.000348	0.000030
2783	0.000484	0.000484	0.000040
2081	0.000599	0.000599	0.000055
578	0.000188	0.000188	0.000022
1590	0.000508	0.000508	0.000033
601	0.001253	0.001253	0.000008
4322	0.001253	0.001253	0.000008
609	0.001102	0.001102	0.000003
1967	0.001571	0.001571	0.000010
4917	0.002152	0.002152	0.000011
611	0.000188	0.000188	0.000022
2808	0.000827	0.000827	0.000035
620	0.000188	0.000188	0.000022
4802	0.000348	0.000348	0.000030
625	0.000188	0.000188	0.000022
636	0.000188	0.000188	0.000022
3967	0.000348	0.000348	0.000030
637	0.000188	0.000188	0.000022
2662	0.000507	0.000507	0.000033
638	0.000188	0.000188	0.000022
917	0.000268	0.000268	0.000027
4272	0.000268	0.000268	0.000027
652	0.000188	0.000188	0.000022
669	0.000188	0.000188	0.000022
1738	0.000507	0.000507	0.000033
686	0.000188	0.000188	0.000022
2190	0.000348	0.000348	0.000030
702	0.000188	0.000188	0.000022
703	0.001253	0.001253	0.000008
5402	0.001253	0.001253	0.000008
704	0.001253	0.001253	0.000008
2522	0.001253	0.001253	0.000008
706	0.000188	0.000188	0.000022
709	0.001253	0.001253	0.000008
2342	0.001253	0.001253	0.000008
747	0.000188	0.000188	0.000022
3052	0.000348	0.000348	0.000030
764	0.000188	0.000188	0.000022
886	0.000667	0.000667	0.000035
842	0.000471	0.000471	0.000044
4138	0.000471	0.000471	0.000044
784	0.001724	0.001765	0.023244
3104	0.001848	0.001807	0.022722
790	0.001253	0.001253	0.000008
2915	0.001253	0.001253	0.000008
835	0.001253	0.001253	0.000008
5097	0.001253	0.001253	0.000008
847	0.001253	0.001253	0.000008
4047	0.001253	0.001253	0.000008
849	0.000188	0.000188	0.000022
1878	0.000348	0.000348	0.000030
863	0.001253	0.001253	0.000008
2836	0.001253	0.001253	0.000008
872	0.000188	0.000188	0.000022
2	0.000507	0.000507	0.000033
874	0.001253	0.001253	0.000008
2554	0.001253	0.001253	0.000008
875	0.001253	0.001253	0.000008
3426	0.001253	0.001253	0.000008
891	0.001786	0.001786	0.000009
1887	0.001786	0.001786	0.000009
901	0.001253	0.001253	0.000008
2410	0.001253	0.001253	0.000008
913	0.000188	0.000188	0.000022
934	0.000188	0.000188	0.000022
3427	0.000348	0.000348	0.000030
935	0.000188	0.000188	0.000022
90	0.000348	0.000348	0.000030
944	0.001253	0.001253	0.000008
2825	0.001253	0.001253	0.000008
948	0.000188	0.000188	0.000022
2320	0.000348	0.000348	0.000030
954	0.000188	0.000188	0.000022
1110	0.000348	0.000348	0.000030
964	0.000188	0.000188	0.000022
529	0.000241	0.000241	0.000026
1083	0.000241	0.000241	0.000026
1184	0.000241	0.000241	0.000026
991	0.000188	0.000188	0.000022
996	0.000188	0.000188	0.000022
4474	0.000507	0.000507	0.000033
1021	0.001253	0.001253	0.000008
5188	0.001253	0.001253	0.000008
1039	0.000188	0.000188	0.000022
1462	0.000348	0.000348	0.000030
3929	0.000599	0.000599	0.000055
1046	0.001253	0.001253	0.000008
3517	0.001253	0.001253	0.000008
1059	0.000188	0.000188	0.000022
1060	0.000188	0.000188	0.000022
1065	0.001253	0.001253	0.000008
5495	0.001253	0.001253	0.000008
1066	0.001253	0.001253	0.000008
5494	0.001253	0.001253	0.000008
1072	0.001253	0.001253	0.000008
5487	0.001253	0.001253	0.000008
1073	0.001253	0.001253	0.000008
3925	0.001253	0.001253	0.000008
1075	0.001253	0.001253	0.000008
5484	0.001253	0.001253	0.000008
1076	0.001253	0.001253	0.000008
5483	0.001253	0.001253	0.000008
1095	0.001253	0.001253	0.000008
5451	0.001253	0.001253	0.000008
1096	0.001253	0.001253	0.000008
5449	0.001253	0.001253	0.000008
1097	0.001253	0.001253	0.000008
5447	0.001253	0.001253	0.000008
1102	0.001253	0.001253	0.000008
5442	0.001253	0.001253	0.000008
1105	0.001253	0.001253	0.000008
5440	0.001253	0.001253	0.000008
1106	0.001253	0.001253	0.000008
5438	0.001253	0.001253	0.000008
1120	0.001253	0.001253	0.000008
5461	0.001253	0.001253	0.000008
1121	0.001253	0.001253	0.000008
5457	0.001253	0.001253	0.000008
1123	0.001253	0.001253	0.000008
5458	0.001253	0.001253	0.000008
1124	0.001253	0.001253	0.000008
4804	0.001253	0.001253	0.000008
1129	0.001253	0.001253	0.000008
5400	0.001253	0.001253	0.000008
1130	0.000188	0.000188	0.000022
4213	0.000348	0.000348	0.000030
5326	0.000348	0.000348	0.000030
1134	0.001253	0.001253	0.000008
5395	0.001253	0.001253	0.000008
1135	0.001253	0.001253	0.000008
5392	0.001253	0.001253	0.000008
1136	0.001253	0.001253	0.000008
5390	0.001253	0.001253	0.000008
1139	0.001253	0.001253	0.000008
5434	0.001253	0.001253	0.000008
1140	0.001253	0.001253	0.000008
5432	0.001253	0.001253	0.000008
1141	0.000188	0.000188	0.000022
75	0.000427	0.000427	0.000032
1146	0.001253	0.001253	0.000008
5429	0.001253	0.001253	0.000008
1148	0.001724	0.001765	0.023244
1690	0.001848	0.001807	0.022722
1149	0.001253	0.001253	0.000008
5425	0.001253	0.001253	0.000008
1158	0.000327	0.000327	0.000049
3408	0.002653	0.002653	0.000067
5412	0.000327	0.000327	0.000049
1161	0.001253	0.001253	0.000008
5405	0.001253	0.001253	0.000008
1163	0.001253	0.001253	0.000008
5370	0.001253	0.001253	0.000008
1164	0.000188	0.000188	0.000022
2242	0.000507	0.000507	0.000033
1166	0.001253	0.001253	0.000008
5367	0.001253	0.001253	0.000008
1180	0.000327	0.000327	0.000049
5384	0.000327	0.000327	0.000049
1183	0.001253	0.001253	0.000008
5379	0.001253	0.001253	0.000008
1185	0.001253	0.001253	0.000008
5382	0.001253	0.001253	0.000008
1186	0.001253	0.001253	0.000008
5381	0.001253	0.001253	0.000008
1187	0.001253	0.001253	0.000008
5378	0.001253	0.001253	0.000008
1195	0.001253	0.001253	0.000008
5341	0.001253	0.001253	0.000008
1196	0.001253	0.001253	0.000008
5338	0.001253	0.001253	0.000008
1201	0.001253	0.001253	0.000008
5336	0.001253	0.001253	0.000008
1205	0.000188	0.000188	0.000022
3528	0.000348	0.000348	0.000030
1206	0.001253	0.001253	0.000008
5331	0.001253	0.001253	0.000008
1211	0.001253	0.001253	0.000008
5355	0.001253	0.001253	0.000008
1212	0.001253	0.001253	0.000008
5350	0.001253	0.001253	0.000008
1215	0.001848	0.001807	0.022722
2116	0.000956	0.000976	0.021008
4453	0.000956	0.000976	0.021008
1216	0.001253	0.001253	0.000008
5349	0.001253	0.001253	0.000008
1217	0.000188	0.000188	0.000022
3956	0.000348	0.000348	0.000030
1224	0.001253	0.001253	0.000008
5303	0.001253	0.001253	0.000008
1225	0.001253	0.001253	0.000008
5307	0.001253	0.001253	0.000008
1228	0.001253	0.001253	0.000008
5300	0.001253	0.001253	0.000008
1230	0.000188	0.000188	0.000022
5182	0.000348	0.000348	0.000030
1233	0.001253	0.001253	0.000008
5296	0.001253	0.001253	0.000008
1234	0.001253	0.001253	0.000008
5295	0.001253	0.001253	0.000008
1237	0.001253	0.001253	0.000008
5297	0.001253	0.001253	0.000008
1238	0.001253	0.001253	0.000008
5290	0.001253	0.001253	0.000008
1247	0.001253	0.001253	0.000008
5327	0.001253	0.001253	0.000008
1252	0.001253	0.001253	0.000008
5317	0.001253	0.001253	0.000008
1256	0.000188	0.000188	0.000022
2255	0.000827	0.000827	0.000035
1261	0.001253	0.001253	0.000008
5272	0.001253	0.001253	0.000008
1262	0.001253	0.001253	0.000008
5267	0.001253	0.001253	0.000008
1267	0.001253	0.001253	0.000008
5265	0.001253	0.001253	0.000008
1268	0.001253	0.001253	0.000008
5260	0.001253	0.001253	0.000008
1269	0.001253	0.001253	0.000008
5258	0.001253	0.001253	0.000008
1272	0.001253	0.001253	0.000008
5287	0.001253	0.001253	0.000008
1273	0.001253	0.001253	0.000008
5283	0.001253	0.001253	0.000008
1275	0.001253	0.001253	0.000008
5276	0.001253	0.001253	0.000008
1276	0.000188	0.000188	0.000022
4870	0.000348	0.000348	0.000030
1277	0.000188	0.000188	0.000022
1281	0.000188	0.000188	0.000022
1286	0.001253	0.001253	0.000008
5234	0.001253	0.001253	0.000008
1288	0.001253	0.001253	0.000008
5235	0.001253	0.001253	0.000008
1290	0.001253	0.001253	0.000008
5233	0.001253	0.001253	0.000008
1299	0.001253	0.001253	0.000008
5254	0.001253	0.001253	0.000008
1300	0.001253	0.001253	0.000008
5253	0.001253	0.001253	0.000008
1305	0.001520	0.001520	0.000009
5250	0.001520	0.001520	0.000009
1308	0.001253	0.001253	0.000008
5248	0.001253	0.001253	0.000008
1309	0.001253	0.001253	0.000008
5245	0.001253	0.001253	0.000008
1313	0.001253	0.001253	0.000008
5209	0.001253	0.001253	0.000008
1316	0.001253	0.001253	0.000008
5211	0.001253	0.001253	0.000008
1318	0.001253	0.001253	0.000008
2505	0.001253	0.001253	0.000008
1320	0.000667	0.000667	0.000035
374	0.001553	0.001553	0.000044
1325	0.001253	0.001253	0.000008
5194	0.001253	0.001253	0.000008
1329	0.001253	0.001253	0.000008
5192	0.001253	0.001253	0.000008
1330	0.001253	0.001253	0.000008
5191	0.001253	0.001253	0.000008
1332	0.000188	0.000188	0.000022
91	0.000507	0.000507	0.000033
1334	0.001253	0.001253	0.000008
5185	0.001253	0.001253	0.000008
1337	0.000188	0.000188	0.000022
5226	0.000348	0.000348	0.000030
1340	0.001253	0.001253	0.000008
5224	0.001253	0.001253	0.000008
1342	0.001608	0.001608	0.000009
5222	0.001608	0.001608	0.000009
1348	0.001253	0.001253	0.000008
5220	0.001253	0.001253	0.000008
1349	0.001253	0.001253	0.000008
5218	0.001253	0.001253	0.000008
1351	0.001253	0.001253	0.000008
5216	0.001253	0.001253	0.000008
1359	0.001253	0.001253	0.000008
5172	0.001253	0.001253	0.000008
1361	0.001253	0.001253	0.000008
2671	0.001253	0.001253	0.000008
1364	0.001253	0.001253	0.000008
5163	0.001253	0.001253	0.000008
1365	0.000598	0.000598	0.000295
4734	0.000776	0.000776	0.000293
5004	0.000518	0.000518	0.000335
1369	0.001253	0.001253	0.000008
5158	0.001253	0.001253	0.000008
1376	0.001253	0.001253	0.000008
5179	0.001253	0.001253	0.000008
1377	0.001253	0.001253	0.000008
4691	0.001253	0.001253	0.000008
1379	0.001253	0.001253	0.000008
5177	0.001253	0.001253	0.000008
1383	0.001253	0.001253	0.000008
5142	0.001253	0.001253	0.000008
1386	0.001253	0.001253	0.000008
5144	0.001253	0.001253	0.000008
1388	0.001253	0.001253	0.000008
5138	0.001253	0.001253	0.000008
1391	0.001253	0.001253	0.000008
5136	0.001253	0.001253	0.000008
1393	0.001253	0.001253	0.000008
5135	0.001253	0.001253	0.000008
1395	0.001253	0.001253	0.000008
2591	0.001627	0.001627	0.000008
2202	0.000879	0.000879	0.000006
1404	0.000188	0.000188	0.000022
367	0.000348	0.000348	0.000030
1405	0.000188	0.000188	0.000022
4304	0.000348	0.000348	0.000030
1407	0.001253	0.001253	0.000008
5154	0.001253	0.001253	0.000008
1408	0.000188	0.000188	0.000022
1413	0.001253	0.001253	0.000008
5150	0.001253	0.001253	0.000008
1418	0.001253	0.001253	0.000008
5148	0.001253	0.001253	0.000008
1424	0.001253	0.001253	0.000008
5100	0.001253	0.001253	0.000008
1425	0.001253	0.001253	0.000008
5096	0.001253	0.001253	0.000008
1426	0.001253	0.001253	0.000008
3460	0.001253	0.001253	0.000008
1428	0.000188	0.000188	0.000022
1430	0.001253	0.001253	0.000008
5127	0.001253	0.001253	0.000008
1432	0.001253	0.001253	0.000008
5128	0.001253	0.001253	0.000008
1433	0.000188	0.000188	0.000022
1434	0.001253	0.001253	0.000008
5124	0.001253	0.001253	0.000008
1436	0.000188	0.000188	0.000022
1219	0.000348	0.000348	0.000030
1438	0.000188	0.000188	0.000022
1445	0.001253	0.001253	0.000008
5116	0.001253	0.001253	0.000008
1447	0.001253	0.001253	0.000008
5079	0.001253	0.001253	0.000008
1449	0.001253	0.001253	0.000008
5074	0.001253	0.001253	0.000008
1454	0.000188	0.000188	0.000022
5426	0.000348	0.000348	0.000030
1457	0.000188	0.000188	0.000022
1461	0.001253	0.001253	0.000008
5095	0.001253	0.001253	0.000008
1464	0.000188	0.000188	0.000022
1197	0.000348	0.000348	0.000030
1465	0.000327	0.000327	0.000049
5094	0.000327	0.000327	0.000049
1470	0.001253	0.001253	0.000008
5087	0.001253	0.001253	0.000008
1471	0.001253	0.001253	0.000008
5086	0.001253	0.001253	0.000008
1474	0.001253	0.001253	0.000008
5085	0.001253	0.001253	0.000008
1476	0.001253	0.001253	0.000008
5039	0.001253	0.001253	0.000008
1480	0.000188	0.000188	0.000022
5036	0.000348	0.000348	0.000030
1481	0.001253	0.001253	0.000008
5035	0.001253	0.001253	0.000008
1483	0.001253	0.001253	0.000008
5032	0.001253	0.001253	0.000008
1485	0.001253	0.001253	0.000008
5029	0.001253	0.001253	0.000008
1486	0.001253	0.001253	0.000008
4709	0.001253	0.001253	0.000008
1492	0.001253	0.001253	0.000008
5026	0.001253	0.001253	0.000008
1494	0.001253	0.001253	0.000008
5023	0.001253	0.001253	0.000008
1495	0.001253	0.001253	0.000008
5059	0.001253	0.001253	0.000008
1501	0.001253	0.001253	0.000008
5055	0.001253	0.001253	0.000008
1502	0.001253	0.001253	0.000008
5051	0.001253	0.001253	0.000008
1503	0.000188	0.000188	0.000022
318	0.000348	0.000348	0.000030
1504	0.001253	0.001253	0.000008
5049	0.001253	0.001253	0.000008
1505	0.001253	0.001253	0.000008
5048	0.001253	0.001253	0.000008
1506	0.000188	0.000188	0.000022
1756	0.000348	0.000348	0.000030
1518	0.001253	0.001253	0.000008
4992	0.001253	0.001253	0.000008
1519	0.000188	0.000188	0.000022
1520	0.001253	0.001253	0.000008
4989	0.001253	0.001253	0.000008
1526	0.001253	0.001253	0.000008
4983	0.001253	0.001253	0.000008
1531	0.000188	0.000188	0.000022
1532	0.001253	0.001253	0.000008
5013	0.001253	0.001253	0.000008
1534	0.001253	0.001253	0.000008
5010	0.001253	0.001253	0.000008
1536	0.001253	0.001253	0.000008
5005	0.001253	0.001253	0.000008
1543	0.000188	0.000188	0.000022
1400	0.000348	0.000348	0.000030
1544	0.001253	0.001253	0.000008
4968	0.001253	0.001253	0.000008
1549	0.001253	0.001253	0.000008
4964	0.001253	0.001253	0.000008
1557	0.000188	0.000188	0.000022
454	0.000268	0.000268	0.000027
2924	0.000268	0.000268	0.000027
1558	0.001253	0.001253	0.000008
4977	0.001253	0.001253	0.000008
1564	0.001253	0.001253	0.000008
4973	0.001253	0.001253	0.000008
1565	0.000188	0.000188	0.000022
1103	0.000507	0.000507	0.000033
1567	0.000188	0.000188	0.000022
1570	0.001253	0.001253	0.000008
4948	0.001253	0.001253	0.000008
1571	0.001253	0.001253	0.000008
4947	0.001253	0.001253	0.000008
1575	0.001253	0.001253	0.000008
4942	0.001253	0.001253	0.000008
1582	0.001253	0.001253	0.000008
4934	0.001253	0.001253	0.000008
1587	0.001253	0.001253	0.000008
4960	0.001253	0.001253	0.000008
1588	0.001253	0.001253	0.000008
4958	0.001253	0.001253	0.000008
1592	0.001253	0.001253	0.000008
4955	0.001253	0.001253	0.000008
1593	0.000188	0.000188	0.000022
2170	0.000348	0.000348	0.000030
1596	0.001253	0.001253	0.000008
4910	0.001253	0.001253	0.000008
1603	0.001253	0.001253	0.000008
4906	0.001253	0.001253	0.000008
1604	0.000956	0.000976	0.021008
3587	0.001848	0.001807	0.022722
2850	0.000956	0.000976	0.021008
1606	0.001253	0.001253	0.000008
5228	0.001253	0.001253	0.000008
1608	0.001253	0.001253	0.000008
4907	0.001253	0.001253	0.000008
1610	0.001253	0.001253	0.000008
4902	0.001253	0.001253	0.000008
1615	0.000188	0.000188	0.000022
1617	0.001253	0.001253	0.000008
4890	0.001253	0.001253	0.000008
1624	0.001253	0.001253	0.000008
4927	0.001253	0.001253	0.000008
1625	0.001253	0.001253	0.000008
4926	0.001253	0.001253	0.000008
1626	0.001253	0.001253	0.000008
4928	0.001253	0.001253	0.000008
1627	0.000188	0.000188	0.000022
1999	0.000587	0.000588	0.000034
1088	0.000687	0.000687	0.000048
1630	0.001253	0.001253	0.000008
4924	0.001253	0.001253	0.000008
1635	0.001253	0.001253	0.000008
4915	0.001253	0.001253	0.000008
1637	0.000188	0.000188	0.000022
3585	0.000348	0.000348	0.000030
1640	0.000327	0.000327	0.000049
4874	0.000327	0.000327	0.000049
1645	0.001253	0.001253	0.000008
4868	0.001253	0.001253	0.000008
1649	0.001253	0.001253	0.000008
4865	0.001253	0.001253	0.000008
1651	0.001253	0.001253	0.000008
4864	0.001253	0.001253	0.000008
1658	0.000376	0.000376	0.000119
2057	0.000573	0.000573	0.000139
1851	0.000695	0.000695	0.000156
3356	0.000376	0.000376	0.000119
4071	0.000310	0.000310	0.000106
1662	0.001253	0.001253	0.000008
4889	0.001253	0.001253	0.000008
1666	0.001253	0.001253	0.000008
4883	0.001253	0.001253	0.000008
1669	0.001253	0.001253	0.000008
4882	0.001253	0.001253	0.000008
1671	0.001253	0.001253	0.000008
4881	0.001253	0.001253	0.000008
1673	0.001253	0.001253	0.000008
4880	0.001253	0.001253	0.000008
1677	0.001253	0.001253	0.000008
4836	0.001253	0.001253	0.000008
1682	0.001253	0.001253	0.000008
4833	0.001253	0.001253	0.000008
1683	0.000188	0.000188	0.000022
1688	0.001253	0.001253	0.000008
4826	0.001253	0.001253	0.000008
1691	0.001253	0.001253	0.000008
4851	0.001253	0.001253	0.000008
1692	0.000188	0.000188	0.000022
4189	0.000348	0.000348	0.000030
1695	0.001253	0.001253	0.000008
4843	0.001253	0.001253	0.000008
1706	0.001253	0.001253	0.000008
4837	0.001253	0.001253	0.000008
1716	0.001253	0.001253	0.000008
4793	0.001253	0.001253	0.000008
1717	0.001253	0.001253	0.000008
4795	0.001253	0.001253	0.000008
1718	0.001253	0.001253	0.000008
3457	0.001253	0.001253	0.000008
1721	0.001253	0.001253	0.000008
4792	0.001253	0.001253	0.000008
1724	0.000348	0.000348	0.000030
2349	0.000483	0.000483	0.000040
1728	0.001253	0.001253	0.000008
4823	0.001253	0.001253	0.000008
1744	0.000188	0.000188	0.000022
1747	0.001253	0.001253	0.000008
4806	0.001253	0.001253	0.000008
1750	0.001253	0.001253	0.000008
4767	0.001253	0.001253	0.000008
1752	0.001253	0.001253	0.000008
4766	0.001253	0.001253	0.000008
1753	0.001253	0.001253	0.000008
4764	0.001253	0.001253	0.000008
1759	0.001253	0.001253	0.000008
4759	0.001253	0.001253	0.000008
1763	0.001253	0.001253	0.000008
4758	0.001253	0.001253	0.000008
1768	0.001253	0.001253	0.000008
4781	0.001253	0.001253	0.000008
1777	0.001253	0.001253	0.000008
4775	0.001253	0.001253	0.000008
1778	0.001253	0.001253	0.000008
4774	0.001253	0.001253	0.000008
1779	0.001253	0.001253	0.000008
4772	0.001253	0.001253	0.000008
1789	0.001253	0.001253	0.000008
4739	0.001253	0.001253	0.000008
1791	0.001253	0.001253	0.000008
4736	0.001253	0.001253	0.000008
1794	0.001253	0.001253	0.000008
4575	0.001253	0.001253	0.000008
1797	0.000188	0.000188	0.000022
160	0.000348	0.000348	0.000030
1798	0.001253	0.001253	0.000008
4728	0.001253	0.001253	0.000008
1799	0.001253	0.001253	0.000008
4731	0.001253	0.001253	0.000008
1801	0.001253	0.001253	0.000008
4729	0.001253	0.001253	0.000008
1806	0.001253	0.001253	0.000008
4754	0.001253	0.001253	0.000008
1818	0.001253	0.001253	0.000008
4706	0.001253	0.001253	0.000008
1820	0.000268	0.000268	0.000027
1822	0.001253	0.001253	0.000008
4704	0.001253	0.001253	0.000008
1826	0.001253	0.001253	0.000008
3977	0.001253	0.001253	0.000008
1828	0.001253	0.001253	0.000008
4697	0.001253	0.001253	0.000008
1830	0.001253	0.001253	0.000008
3557	0.001253	0.001253	0.000008
1832	0.001253	0.001253	0.000008
4692	0.001253	0.001253	0.000008
1838	0.001253	0.001253	0.000008
4722	0.001253	0.001253	0.000008
1842	0.001253	0.001253	0.000008
4721	0.001253	0.001253	0.000008
1846	0.001253	0.001253	0.000008
4718	0.001253	0.001253	0.000008
1847	0.001253	0.001253	0.000008
4714	0.001253	0.001253	0.000008
1855	0.000188	0.000188	0.000022
1856	0.001253	0.001253	0.000008
4679	0.001253	0.001253	0.000008
1859	0.000188	0.000188	0.000022
1514	0.000348	0.000348	0.000030
1860	0.001253	0.001253	0.000008
5201	0.001253	0.001253	0.000008
1861	0.001253	0.001253	0.000008
4673	0.001253	0.001253	0.000008
1863	0.001253	0.001253	0.000008
4669	0.001253	0.001253	0.000008
1864	0.000188	0.000188	0.000022
1874	0.001253	0.001253	0.000008
4660	0.001253	0.001253	0.000008
1881	0.000188	0.000188	0.000022
1883	0.001253	0.001253	0.000008
4690	0.001253	0.001253	0.000008
1885	0.001253	0.001253	0.000008
4688	0.001253	0.001253	0.000008
1888	0.001253	0.001253	0.000008
4685	0.001253	0.001253	0.000008
1891	0.001253	0.001253	0.000008
4681	0.001253	0.001253	0.000008
1901	0.000188	0.000188	0.000022
3316	0.000228	0.000228	0.000025
3735	0.000228	0.000228	0.000025
5053	0.000228	0.000228	0.000025
1904	0.001253	0.001253	0.000008
4637	0.001253	0.001253	0.000008
1905	0.001253	0.001253	0.000008
4636	0.001253	0.001253	0.000008
1907	0.001253	0.001253	0.000008
4629	0.001253	0.001253	0.000008
1910	0.001253	0.001253	0.000008
4627	0.001253	0.001253	0.000008
1912	0.001253	0.001253	0.000008
4622	0.001253	0.001253	0.000008
1913	0.001253	0.001253	0.000008
4624	0.001253	0.001253	0.000008
1915	0.001253	0.001253	0.000008
4619	0.001253	0.001253	0.000008
1922	0.001253	0.001253	0.000008
4651	0.001253	0.001253	0.000008
1923	0.001253	0.001253	0.000008
4653	0.001253	0.001253	0.000008
1926	0.001253	0.001253	0.000008
4648	0.001253	0.001253	0.000008
1937	0.001253	0.001253	0.000008
4600	0.001253	0.001253	0.000008
1938	0.001253	0.001253	0.000008
4595	0.001253	0.001253	0.000008
1939	0.001253	0.001253	0.000008
4592	0.001253	0.001253	0.000008
1943	0.000188	0.000188	0.000022
1246	0.000348	0.000348	0.000030
1953	0.001253	0.001253	0.000008
4612	0.001253	0.001253	0.000008
1955	0.000188	0.000188	0.000022
5210	0.000348	0.000348	0.000030
1958	0.001253	0.001253	0.000008
4610	0.001253	0.001253	0.000008
1959	0.001253	0.001253	0.000008
4609	0.001253	0.001253	0.000008
1961	0.001253	0.001253	0.000008
4606	0.001253	0.001253	0.000008
1964	0.001253	0.001253	0.000008
4570	0.001253	0.001253	0.000008
1973	0.000188	0.000188	0.000022
3343	0.000348	0.000348	0.000030
1977	0.001253	0.001253	0.000008
4561	0.001253	0.001253	0.000008
1979	0.001253	0.001253	0.000008
4564	0.001253	0.001253	0.000008
1982	0.001253	0.001253	0.000008
4563	0.001253	0.001253	0.000008
1987	0.000188	0.000188	0.000022
1988	0.001253	0.001253	0.000008
4583	0.001253	0.001253	0.000008
1992	0.001253	0.001253	0.000008
4579	0.001253	0.001253	0.000008
1996	0.001253	0.001253	0.000008
4576	0.001253	0.001253	0.000008
1997	0.001253	0.001253	0.000008
4574	0.001253	0.001253	0.000008
1998	0.000188	0.000188	0.000022
2000	0.000188	0.000188	0.000022
3589	0.000348	0.000348	0.000030
2001	0.000188	0.000188	0.000022
4684	0.000348	0.000348	0.000030
2003	0.001253	0.001253	0.000008
4530	0.001253	0.001253	0.000008
2008	0.000188	0.000188	0.000022
2529	0.000348	0.000348	0.000030
2012	0.001253	0.001253	0.000008
4526	0.001253	0.001253	0.000008
2013	0.001253	0.001253	0.000008
4522	0.001253	0.001253	0.000008
2015	0.000327	0.000327	0.000049
4524	0.000327	0.000327	0.000049
2020	0.001253	0.001253	0.000008
4550	0.001253	0.001253	0.000008
2021	0.001253	0.001253	0.000008
4548	0.001253	0.001253	0.000008
2023	0.001253	0.001253	0.000008
4544	0.001253	0.001253	0.000008
2024	0.001253	0.001253	0.000008
4540	0.001253	0.001253	0.000008
2027	0.001253	0.001253	0.000008
4538	0.001253	0.001253	0.000008
2030	0.001253	0.001253	0.000008
4533	0.001253	0.001253	0.000008
2034	0.001253	0.001253	0.000008
4507	0.001253	0.001253	0.000008
2035	0.000188	0.000188	0.000022
468	0.000348	0.000348	0.000030
2039	0.001253	0.001253	0.000008
4497	0.001253	0.001253	0.000008
2047	0.000188	0.000188	0.000022
3648	0.000348	0.000348	0.000030
2048	0.001253	0.001253	0.000008
4519	0.001253	0.001253	0.000008
2054	0.001253	0.001253	0.000008
4516	0.001253	0.001253	0.000008
2055	0.000188	0.000188	0.000022
2059	0.000188	0.000188	0.000022
2061	0.000188	0.000188	0.000022
552	0.000348	0.000348	0.000030
2064	0.001253	0.001253	0.000008
4472	0.001253	0.001253	0.000008
2065	0.000188	0.000188	0.000022
4471	0.000348	0.000348	0.000030
2066	0.000188	0.000188	0.000022
2076	0.001253	0.001253	0.000008
4484	0.001253	0.001253	0.000008
2080	0.001253	0.001253	0.000008
4487	0.001253	0.001253	0.000008
2084	0.001253	0.001253	0.000008
4481	0.001253	0.001253	0.000008
2089	0.001253	0.001253	0.000008
4480	0.001253	0.001253	0.000008
2092	0.001253	0.001253	0.000008
4435	0.001253	0.001253	0.000008
2093	0.000188	0.000188	0.000022
2098	0.001253	0.001253	0.000008
4431	0.001253	0.001253	0.000008
2100	0.001253	0.001253	0.000008
4428	0.001253	0.001253	0.000008
2102	0.000188	0.000188	0.000022
4393	0.000507	0.000507	0.000033
2104	0.000188	0.000188	0.000022
1362	0.000507	0.000507	0.000033
2105	0.001253	0.001253	0.000008
4421	0.001253	0.001253	0.000008
2107	0.001253	0.001253	0.000008
4419	0.001253	0.001253	0.000008
2121	0.001253	0.001253	0.000008
4446	0.001253	0.001253	0.000008
2123	0.001253	0.001253	0.000008
4445	0.001253	0.001253	0.000008
2127	0.000188	0.000188	0.000022
3786	0.000348	0.000348	0.000030
2128	0.001253	0.001253	0.000008
4437	0.001253	0.001253	0.000008
2137	0.001253	0.001253	0.000008
4385	0.001253	0.001253	0.000008
2139	0.001253	0.001253	0.000008
4375	0.001253	0.001253	0.000008
2140	0.000327	0.000327	0.000049
4409	0.000327	0.000327	0.000049
2141	0.001253	0.001253	0.000008
4413	0.001253	0.001253	0.000008
2144	0.001253	0.001253	0.000008
4410	0.001253	0.001253	0.000008
2148	0.001253	0.001253	0.000008
4404	0.001253	0.001253	0.000008
2149	0.001253	0.001253	0.000008
2363	0.001253	0.001253	0.000008
2157	0.001253	0.001253	0.000008
4398	0.001253	0.001253	0.000008
2159	0.001253	0.001253	0.000008
4395	0.001253	0.001253	0.000008
2160	0.001253	0.001253	0.000008
4396	0.001253	0.001253	0.000008
2162	0.001253	0.001253	0.000008
4392	0.001253	0.001253	0.000008
2165	0.001253	0.001253	0.000008
4388	0.001253	0.001253	0.000008
2182	0.001253	0.001253	0.000008
4344	0.001253	0.001253	0.000008
2186	0.000188	0.000188	0.000022
2194	0.001253	0.001253	0.000008
4361	0.001253	0.001253	0.000008
2195	0.001253	0.001253	0.000008
4359	0.001253	0.001253	0.000008
2196	0.000348	0.000348	0.000030
2247	0.000483	0.000483	0.000040
2197	0.001253	0.001253	0.000008
4358	0.001253	0.001253	0.000008
2198	0.001253	0.001253	0.000008
4357	0.001253	0.001253	0.000008
2199	0.001253	0.001253	0.000008
4356	0.001253	0.001253	0.000008
2201	0.001253	0.001253	0.000008
4354	0.001253	0.001253	0.000008
2204	0.001786	0.001786	0.000009
4663	0.001786	0.001786	0.000009
2205	0.001253	0.001253	0.000008
2844	0.001253	0.001253	0.000008
2211	0.000188	0.000188	0.000022
2233	0.000188	0.000188	0.000022
2250	0.000188	0.000188	0.000022
2254	0.000188	0.000188	0.000022
2272	0.000188	0.000188	0.000022
2280	0.000188	0.000188	0.000022
5465	0.000348	0.000348	0.000030
2298	0.000188	0.000188	0.000022
2308	0.000188	0.000188	0.000022
2314	0.000188	0.000188	0.000022
2333	0.000188	0.000188	0.000022
2339	0.000188	0.000188	0.000022
5149	0.000268	0.000268	0.000027
2346	0.001253	0.001253	0.000008
3249	0.001253	0.001253	0.000008
2365	0.000327	0.000327	0.000049
4067	0.000327	0.000327	0.000049
2375	0.000188	0.000188	0.000022
3651	0.000348	0.000348	0.000030
2394	0.000188	0.000188	0.000022
2401	0.000188	0.000188	0.000022
1117	0.000268	0.000268	0.000027
2422	0.000188	0.000188	0.000022
2438	0.000188	0.000188	0.000022
2449	0.000188	0.000188	0.000022
1466	0.000348	0.000348	0.000030
2457	0.000188	0.000188	0.000022
2908	0.000667	0.000667	0.000035
2471	0.000188	0.000188	0.000022
1821	0.000348	0.000348	0.000030
2489	0.000188	0.000188	0.000022
2497	0.000188	0.000188	0.000022
1708	0.000507	0.000507	0.000033
2506	0.000188	0.000188	0.000022
729	0.000348	0.000348	0.000030
2535	0.000188	0.000188	0.000022
2304	0.000348	0.000348	0.000030
2563	0.001253	0.001253	0.000008
2991	0.001253	0.001253	0.000008
2580	0.000188	0.000188	0.000022
2594	0.001253	0.001253	0.000008
4151	0.001253	0.001253	0.000008
2638	0.000188	0.000188	0.000022
2642	0.000188	0.000188	0.000022
2643	0.000188	0.000188	0.000022
2646	0.000188	0.000188	0.000022
2678	0.000188	0.000188	0.000022
4098	0.000348	0.000348	0.000030
2721	0.001848	0.001807	0.022722
3772	0.001724	0.001765	0.023244
2727	0.000188	0.000188	0.000022
3820	0.000348	0.000348	0.000030
2738	0.000188	0.000188	0.000022
2739	0.000188	0.000188	0.000022
831	0.000268	0.000268	0.000027
1920	0.000268	0.000268	0.000027
2819	0.001253	0.001253	0.000008
3120	0.001253	0.001253	0.000008
2833	0.000188	0.000188	0.000022
3641	0.000348	0.000348	0.000030
2835	0.000188	0.000188	0.000022
2842	0.000188	0.000188	0.000022
1032	0.000348	0.000348	0.000030
2843	0.000188	0.000188	0.000022
2858	0.000188	0.000188	0.000022
3160	0.000667	0.000667	0.000035
2865	0.000188	0.000188	0.000022
2866	0.000188	0.000188	0.000022
2870	0.001253	0.001253	0.000008
5200	0.001253	0.001253	0.000008
2889	0.000188	0.000188	0.000022
3555	0.000348	0.000348	0.000030
2913	0.000188	0.000188	0.000022
2926	0.000188	0.000188	0.000022
3743	0.000348	0.000348	0.000030
2951	0.000188	0.000188	0.000022
2953	0.001253	0.001253	0.000008
4127	0.001253	0.001253	0.000008
2971	0.001253	0.001253	0.000008
3741	0.001253	0.001253	0.000008
2974	0.001253	0.001253	0.000008
4247	0.001253	0.001253	0.000008
2985	0.000188	0.000188	0.000022
5227	0.000348	0.000348	0.000030
2992	0.000188	0.000188	0.000022
3017	0.000188	0.000188	0.000022
2899	0.000348	0.000348	0.000030
3025	0.000188	0.000188	0.000022
5343	0.000348	0.000348	0.000030
3040	0.000188	0.000188	0.000022
1655	0.000348	0.000348	0.000030
3045	0.001253	0.001253	0.000008
5243	0.001253	0.001253	0.000008
3068	0.000188	0.000188	0.000022
3099	0.000241	0.000241	0.000026
2925	0.000446	0.000446	0.000035
3107	0.000188	0.000188	0.000022
3121	0.000188	0.000188	0.000022
3127	0.000188	0.000188	0.000022
3148	0.000188	0.000188	0.000022
3149	0.000188	0.000188	0.000022
3159	0.001253	0.001253	0.000008
4703	0.001253	0.001253	0.000008
3171	0.000188	0.000188	0.000022
3345	0.000348	0.000348	0.000030
3178	0.000188	0.000188	0.000022
3182	0.000188	0.000188	0.000022
3207	0.000188	0.000188	0.000022
3208	0.000188	0.000188	0.000022
3223	0.000188	0.000188	0.000022
958	0.000348	0.000348	0.000030
3231	0.000188	0.000188	0.000022
882	0.000348	0.000348	0.000030
3236	0.000188	0.000188	0.000022
4317	0.000241	0.000241	0.000026
3240	0.000188	0.000188	0.000022
3264	0.000188	0.000188	0.000022
3268	0.000188	0.000188	0.000022
296	0.000348	0.000348	0.000030
3315	0.000188	0.000188	0.000022
4786	0.000348	0.000348	0.000030
3335	0.000188	0.000188	0.000022
3336	0.000188	0.000188	0.000022
3344	0.000188	0.000188	0.000022
3430	0.000348	0.000348	0.000030
3347	0.000188	0.000188	0.000022
3374	0.000188	0.000188	0.000022
3390	0.000188	0.000188	0.000022
3395	0.000188	0.000188	0.000022
3413	0.000188	0.000188	0.000022
3437	0.000188	0.000188	0.000022
3329	0.000507	0.000507	0.000033
3438	0.000188	0.000188	0.000022
3445	0.000188	0.000188	0.000022
3448	0.000188	0.000188	0.000022
3451	0.001253	0.001253	0.000008
4306	0.001253	0.001253	0.000008
3483	0.000188	0.000188	0.000022
3331	0.000268	0.000268	0.000027
4364	0.000268	0.000268	0.000027
3484	0.000188	0.000188	0.000022
2385	0.000348	0.000348	0.000030
3489	0.000188	0.000188	0.000022
483	0.000507	0.000507	0.000033
3525	0.001253	0.001253	0.000008
4680	0.001253	0.001253	0.000008
3541	0.001253	0.001253	0.000008
3793	0.001253	0.001253	0.000008
3547	0.000188	0.000188	0.000022
3558	0.000188	0.000188	0.000022
3561	0.000188	0.000188	0.000022
3564	0.000188	0.000188	0.000022
3593	0.000188	0.000188	0.000022
3612	0.000188	0.000188	0.000022
1720	0.000348	0.000348	0.000030
3613	0.000188	0.000188	0.000022
3629	0.000188	0.000188	0.000022
3639	0.000188	0.000188	0.000022
3654	0.000188	0.000188	0.000022
1980	0.000348	0.000348	0.000030
3680	0.000188	0.000188	0.000022
3681	0.000188	0.000188	0.000022
3694	0.000188	0.000188	0.000022
3699	0.001253	0.001253	0.000008
4482	0.001253	0.001253	0.000008
3719	0.000188	0.000188	0.000022
1796	0.000268	0.000268	0.000027
3722	0.001253	0.001253	0.000008
4296	0.001253	0.001253	0.000008
3746	0.000188	0.000188	0.000022
3752	0.000188	0.000188	0.000022
2756	0.000268	0.000268	0.000027
2765	0.000268	0.000268	0.000027
3765	0.000188	0.000188	0.000022
3774	0.000188	0.000188	0.000022
3776	0.000188	0.000188	0.000022
3788	0.000188	0.000188	0.000022
3789	0.000188	0.000188	0.000022
3794	0.000188	0.000188	0.000022
3276	0.000348	0.000348	0.000030
3817	0.000188	0.000188	0.000022
3826	0.000188	0.000188	0.000022
140	0.000507	0.000507	0.000033
3842	0.000188	0.000188	0.000022
3902	0.000268	0.000268	0.000027
3844	0.000188	0.000188	0.000022
3574	0.000507	0.000507	0.000033
3850	0.000188	0.000188	0.000022
3863	0.000188	0.000188	0.000022
1499	0.000268	0.000268	0.000027
5054	0.000268	0.000268	0.000027
3867	0.000188	0.000188	0.000022
3875	0.000188	0.000188	0.000022
3942	0.000188	0.000188	0.000022
2659	0.000667	0.000667	0.000035
3946	0.000188	0.000188	0.000022
3953	0.000188	0.000188	0.000022
3172	0.000348	0.000348	0.000030
3964	0.000188	0.000188	0.000022
3986	0.000188	0.000188	0.000022
4014	0.000188	0.000188	0.000022
1897	0.000348	0.000348	0.000030
4026	0.000188	0.000188	0.000022
4036	0.000188	0.000188	0.000022
402	0.000268	0.000268	0.000027
3220	0.000268	0.000268	0.000027
4053	0.000420	0.000420	0.000299
4199	0.000545	0.000545	0.000196
3176	0.000419	0.000419	0.000299
4061	0.000188	0.000188	0.000022
4089	0.000188	0.000188	0.000022
4108	0.000188	0.000188	0.000022
4142	0.000188	0.000188	0.000022
4146	0.000188	0.000188	0.000022
4149	0.000188	0.000188	0.000022
4150	0.000188	0.000188	0.000022
4171	0.000188	0.000188	0.000022
4174	0.000188	0.000188	0.000022
138	0.000348	0.000348	0.000030
4203	0.000188	0.000188	0.000022
4253	0.000188	0.000188	0.000022
4267	0.000188	0.000188	0.000022
4274	0.000188	0.000188	0.000022
3627	0.000507	0.000507	0.000033
4283	0.000188	0.000188	0.000022
3674	0.000507	0.000507	0.000033
4290	0.000188	0.000188	0.000022
3881	0.000348	0.000348	0.000030
4297	0.000188	0.000188	0.000022
4346	0.000188	0.000188	0.000022
1554	0.000268	0.000268	0.000027
4368	0.000188	0.000188	0.000022
4415	0.000188	0.000188	0.000022
4436	0.000188	0.000188	0.000022
4459	0.000188	0.000188	0.000022
4465	0.000188	0.000188	0.000022
4483	0.000188	0.000188	0.000022
2274	0.000348	0.000348	0.000030
4485	0.000188	0.000188	0.000022
4488	0.000188	0.000188	0.000022
4025	0.000241	0.000241	0.000026
4501	0.000188	0.000188	0.000022
4508	0.000188	0.000188	0.000022
4509	0.000188	0.000188	0.000022
4534	0.000188	0.000188	0.000022
4554	0.000188	0.000188	0.000022
2369	0.000348	0.000348	0.000030
4559	0.000188	0.000188	0.000022
4569	0.000188	0.000188	0.000022
102	0.000268	0.000268	0.000027
4601	0.000268	0.000268	0.000027
4582	0.000188	0.000188	0.000022
5198	0.000348	0.000348	0.000030
4591	0.000188	0.000188	0.000022
4597	0.000188	0.000188	0.000022
3083	0.000348	0.000348	0.000030
4608	0.000188	0.000188	0.000022
4652	0.000188	0.000188	0.000022
4655	0.000188	0.000188	0.000022
5034	0.000348	0.000348	0.000030
4658	0.000188	0.000188	0.000022
4689	0.000188	0.000188	0.000022
4438	0.000348	0.000348	0.000030
4724	0.000188	0.000188	0.000022
4726	0.000188	0.000188	0.000022
3885	0.000348	0.000348	0.000030
4737	0.000188	0.000188	0.000022
5028	0.000348	0.000348	0.000030
4741	0.000188	0.000188	0.000022
4830	0.000268	0.000268	0.000027
5168	0.000268	0.000268	0.000027
4747	0.000188	0.000188	0.000022
4778	0.000188	0.000188	0.000022
4790	0.000188	0.000188	0.000022
4809	0.000188	0.000188	0.000022
4814	0.000188	0.000188	0.000022
1737	0.000348	0.000348	0.000030
4844	0.000188	0.000188	0.000022
2922	0.000348	0.000348	0.000030
4850	0.000188	0.000188	0.000022
1689	0.000348	0.000348	0.000030
4854	0.000188	0.000188	0.000022
1657	0.000348	0.000348	0.000030
4855	0.000188	0.000188	0.000022
449	0.000268	0.000268	0.000027
4175	0.000268	0.000268	0.000027
4869	0.000188	0.000188	0.000022
1647	0.000348	0.000348	0.000030
4891	0.001253	0.001253	0.000008
5058	0.001253	0.001253	0.000008
4901	0.000188	0.000188	0.000022
4984	0.000188	0.000188	0.000022
4987	0.000188	0.000188	0.000022
5001	0.000188	0.000188	0.000022
4294	0.000348	0.000348	0.000030
5002	0.000188	0.000188	0.000022
5003	0.000188	0.000188	0.000022
5076	0.000188	0.000188	0.000022
4892	0.000348	0.000348	0.000030
5098	0.000188	0.000188	0.000022
5107	0.000188	0.000188	0.000022
5140	0.000188	0.000188	0.000022
5146	0.000188	0.000188	0.000022
5152	0.000188	0.000188	0.000022
5156	0.000188	0.000188	0.000022
5184	0.000188	0.000188	0.000022
3605	0.000348	0.000348	0.000030
5193	0.000188	0.000188	0.000022
3242	0.000348	0.000348	0.000030
5199	0.000188	0.000188	0.000022
4065	0.000268	0.000268	0.000027
5223	0.000188	0.000188	0.000022
4978	0.000268	0.000268	0.000027
5337	0.000268	0.000268	0.000027
5231	0.000188	0.000188	0.000022
1315	0.000348	0.000348	0.000030
5251	0.000188	0.000188	0.000022
5266	0.000188	0.000188	0.000022
5273	0.000188	0.000188	0.000022
5286	0.000188	0.000188	0.000022
5346	0.000188	0.000188	0.000022
1994	0.000348	0.000348	0.000030
5358	0.000188	0.000188	0.000022
2056	0.000348	0.000348	0.000030
5365	0.000188	0.000188	0.000022
5374	0.000188	0.000188	0.000022
571	0.000348	0.000348	0.000030
5450	0.000188	0.000188	0.000022
5455	0.000188	0.000188	0.000022
2740	0.000228	0.000228	0.000025
3992	0.000228	0.000228	0.000025
5456	0.000188	0.000188	0.000022
5468	0.000188	0.000188	0.000022
